Rk,Squad,MP,W,D,L,GF,GA,GD,Pts,Pts/MP,xG,xGA,xGD,xGD/90,MP,W,D,L,GF,GA,GD,Pts,Pts/MP,xG,xGA,xGD,xGD/90
1,Flamengo,19,17,2,0,56,18,+38,53,2.79,48.9,17.6,+31.2,+1.64,19,11,4,4,30,19,+11,37,1.95,32.7,25.1,+7.6,+0.40
2,Santos,19,14,4,1,44,15,+29,46,2.42,39.7,16.7,+23.0,+1.21,19,8,4,7,16,18,-2,28,1.47,22.5,23.1,-0.7,-0.04
3,Palmeiras,19,13,4,2,40,13,+27,43,2.26,38.4,16.9,+21.4,+1.13,19,8,7,4,21,19,+2,31,1.63,21.4,16.3,+5.1,+0.27
4,Grêmio,19,12,3,4,38,18,+20,39,2.05,34.7,19.7,+15.0,+0.79,19,7,5,7,26,21,+5,26,1.37,22.4,22.8,-0.4,-0.02
5,Atl Paranaense,19,12,3,4,26,11,+15,39,2.05,38.7,15.6,+23.1,+1.22,19,6,7,6,25,21,+4,25,1.32,25.3,34.2,-8.9,-0.47
6,São Paulo,19,10,6,3,23,12,+11,36,1.89,29.4,15.3,+14.0,+0.74,19,7,6,6,16,18,-2,27,1.42,14.8,26.9,-12.1,-0.64
7,Internacional,19,11,6,2,28,15,+13,39,2.05,34.1,20.1,+14.0,+0.74,19,5,3,11,16,24,-8,18,0.95,18.9,27.4,-8.5,-0.45
8,Corinthians,19,10,7,2,25,13,+12,37,1.95,25.9,19.0,+7.0,+0.37,19,4,7,8,17,21,-4,19,1.00,16.4,23.9,-7.4,-0.39
9,Fortaleza,19,11,2,6,26,17,+9,35,1.84,25.3,21.5,+3.8,+0.20,19,4,6,9,24,32,-8,18,0.95,24.7,40.6,-15.9,-0.84
10,Goiás,19,11,3,5,31,23,+8,36,1.89,29.8,23.1,+6.7,+0.35,19,4,4,11,15,41,-26,16,0.84,17.4,40.3,-22.9,-1.20
11,Bahia,19,7,8,4,24,18,+6,29,1.53,28.4,16.5,+11.8,+0.62,19,5,5,9,20,25,-5,20,1.05,23.4,30.9,-7.5,-0.40
12,Vasco da Gama,19,7,6,6,20,22,-2,27,1.42,30.1,22.5,+7.6,+0.40,19,5,7,7,19,23,-4,22,1.16,26.6,31.3,-4.7,-0.25
13,Atlético Mineiro,19,10,2,7,28,23,+5,32,1.68,39.0,19.2,+19.8,+1.04,19,3,7,9,17,26,-9,16,0.84,20.5,31.2,-10.7,-0.56
14,Fluminense,19,6,7,6,18,15,+3,25,1.32,32.2,20.4,+11.8,+0.62,19,6,3,10,20,31,-11,21,1.11,22.3,32.5,-10.2,-0.54
15,Botafogo (RJ),19,9,2,8,19,17,+2,29,1.53,22.6,26.9,-4.3,-0.23,19,4,2,13,12,28,-16,14,0.74,15.4,36.0,-20.6,-1.08
16,Ceará,19,8,6,5,23,14,+9,30,1.58,26.9,21.0,+5.9,+0.31,19,2,3,14,13,27,-14,9,0.47,21.8,32.4,-10.6,-0.56
17,Cruzeiro,19,5,8,6,13,17,-4,23,1.21,25.4,21.4,+3.9,+0.21,19,2,7,10,14,29,-15,13,0.68,21.2,29.9,-8.8,-0.46
18,CSA,19,6,5,8,17,24,-7,23,1.21,22.1,27.3,-5.3,-0.28,19,2,3,14,7,34,-27,9,0.47,12.5,36.8,-24.3,-1.28
19,Chapecoense,19,4,5,10,16,22,-6,17,0.89,25.5,27.8,-2.2,-0.12,19,3,6,10,15,30,-15,15,0.79,16.1,39.9,-23.8,-1.25
20,Avaí,19,1,9,9,10,24,-14,12,0.63,21.6,20.9,+0.7,+0.04,19,2,2,15,8,38,-30,8,0.42,13.2,37.0,-23.8,-1.25
1,Flamengo,19,11,4,4,35,23,+12,37,1.95,44.9,17.6,+27.3,+1.44,19,10,4,5,33,25,+8,34,1.79,33.4,17.6,+15.8,+0.83
2,Internacional,19,12,5,2,34,17,+17,41,2.16,29.4,18.7,+10.7,+0.56,19,8,5,6,27,18,+9,29,1.53,25.9,17.5,+8.4,+0.44
3,Atlético Mineiro,19,14,4,1,41,13,+28,46,2.42,37.1,18.1,+19.0,+1.00,19,6,4,9,23,32,-9,22,1.16,31.4,27.7,+3.8,+0.20
4,São Paulo,19,10,7,2,29,16,+13,37,1.95,27.8,17.7,+10.0,+0.53,19,8,5,6,30,25,+5,29,1.53,26.5,21.8,+4.8,+0.25
5,Fluminense,19,11,5,3,31,14,+17,38,2.00,24.0,17.0,+7.1,+0.37,19,7,5,7,24,28,-4,26,1.37,17.3,27.9,-10.6,-0.56
6,Grêmio,19,10,6,3,34,23,+11,36,1.89,28.0,18.2,+9.8,+0.52,19,4,11,4,19,17,+2,23,1.21,26.3,23.6,+2.7,+0.14
7,Palmeiras,19,9,8,2,33,16,+17,35,1.84,30.2,19.3,+10.9,+0.57,19,6,5,8,18,21,-3,23,1.21,22.4,19.8,+2.6,+0.14
8,Santos,19,9,7,3,35,23,+12,34,1.79,30.0,25.1,+4.8,+0.25,19,5,5,9,17,28,-11,20,1.05,21.0,31.5,-10.6,-0.56
9,Atl Paranaense,19,9,5,5,20,13,+7,32,1.68,24.4,18.8,+5.6,+0.29,19,6,3,10,18,23,-5,21,1.11,21.2,28.3,-7.1,-0.37
10,Bragantino,19,10,5,4,34,19,+15,35,1.84,28.6,18.6,+10.0,+0.53,19,3,9,7,16,21,-5,18,0.95,24.7,24.7,0.0,0.00
11,Ceará,19,7,5,7,22,25,-3,26,1.37,28.3,23.7,+4.6,+0.24,19,7,5,7,32,26,+6,26,1.37,23.5,28.8,-5.4,-0.28
12,Corinthians,19,8,7,4,29,23,+6,31,1.63,26.3,24.9,+1.4,+0.07,19,5,5,9,16,22,-6,20,1.05,17.8,29.5,-11.7,-0.61
13,Atl Goianiense,19,6,9,4,24,21,+3,27,1.42,24.4,29.3,-5.0,-0.26,19,6,5,8,16,24,-8,23,1.21,19.9,25.1,-5.2,-0.27
14,Bahia,19,9,2,8,27,26,+1,29,1.53,29.3,28.9,+0.5,+0.03,19,3,6,10,21,33,-12,15,0.79,26.5,28.9,-2.4,-0.12
15,Sport Recife,19,8,2,9,19,23,-4,26,1.37,20.5,26.7,-6.2,-0.32,19,4,4,11,12,27,-15,16,0.84,14.2,31.3,-17.1,-0.90
16,Fortaleza,19,8,6,5,20,15,+5,30,1.58,23.8,21.0,+2.8,+0.15,19,2,5,12,14,29,-15,11,0.58,19.4,26.8,-7.4,-0.39
17,Vasco da Gama,19,7,5,7,21,21,0,26,1.37,25.7,24.9,+0.9,+0.04,19,3,6,10,16,35,-19,15,0.79,15.4,31.6,-16.3,-0.86
18,Goiás,19,6,5,8,19,28,-9,23,1.21,17.9,26.3,-8.4,-0.44,19,3,5,11,22,35,-13,14,0.74,21.6,34.8,-13.2,-0.70
19,Coritiba,19,4,6,9,13,19,-6,18,0.95,18.4,25.2,-6.8,-0.36,19,3,4,12,18,35,-17,13,0.68,19.5,36.3,-16.7,-0.88
20,Botafogo (RJ),19,3,5,11,16,30,-14,14,0.74,30.0,29.2,+0.8,+0.04,19,2,7,10,16,32,-16,13,0.68,21.3,35.6,-14.3,-0.75
1,Atlético Mineiro,19,17,1,1,42,13,+29,52,2.74,35.7,15.3,+20.4,+1.07,19,9,5,5,25,21,+4,32,1.68,22.1,18.7,+3.4,+0.18
2,Flamengo,19,13,1,5,31,15,+16,40,2.11,33.6,17.8,+15.8,+0.83,19,8,7,4,38,21,+17,31,1.63,32.9,22.5,+10.4,+0.55
3,Palmeiras,19,11,3,5,33,26,+7,36,1.89,34.1,22.5,+11.6,+0.61,19,9,3,7,25,17,+8,30,1.58,22.2,25.9,-3.7,-0.20
4,Fortaleza,19,11,4,4,26,19,+7,37,1.95,27.5,18.6,+8.9,+0.47,19,6,3,10,18,26,-8,21,1.11,23.0,29.6,-6.5,-0.34
5,Corinthians,19,10,5,4,26,18,+8,35,1.84,24.5,16.7,+7.9,+0.41,19,5,7,7,14,18,-4,22,1.16,15.7,20.3,-4.6,-0.24
6,Bragantino,19,7,9,3,28,20,+8,30,1.58,23.8,22.1,+1.8,+0.09,19,7,5,7,27,26,+1,26,1.37,23.4,26.5,-3.1,-0.16
7,Fluminense,19,11,5,3,24,14,+10,38,2.00,24.8,16.6,+8.2,+0.43,19,4,4,11,14,24,-10,16,0.84,19.5,29.8,-10.4,-0.55
8,América (MG),19,9,6,4,22,11,+11,33,1.74,32.1,19.7,+12.4,+0.65,19,4,8,7,19,26,-7,20,1.05,24.0,27.2,-3.1,-0.17
9,Atl Goianiense,19,6,10,3,17,14,+3,28,1.47,21.5,17.8,+3.7,+0.19,19,7,4,8,16,22,-6,25,1.32,15.5,32.8,-17.2,-0.91
10,Santos,19,9,6,4,21,14,+7,33,1.74,25.9,23.3,+2.6,+0.14,19,3,8,8,14,26,-12,17,0.89,18.8,27.8,-9.0,-0.47
11,Ceará,19,10,7,2,24,14,+10,37,1.95,26.5,21.5,+4.9,+0.26,19,1,10,8,15,24,-9,13,0.68,21.5,28.4,-6.9,-0.36
12,Internacional,19,8,6,5,29,22,+7,30,1.58,28.8,26.3,+2.5,+0.13,19,4,6,9,15,20,-5,18,0.95,21.9,28.2,-6.3,-0.33
13,São Paulo,19,7,9,3,18,15,+3,30,1.58,24.2,15.9,+8.3,+0.43,19,4,6,9,13,24,-11,18,0.95,21.3,25.7,-4.4,-0.23
14,Atl Paranaense,19,8,5,6,23,21,+2,29,1.53,25.9,20.6,+5.2,+0.27,19,5,3,11,18,24,-6,18,0.95,15.9,24.8,-8.9,-0.47
15,Cuiabá,19,7,6,6,18,20,-2,27,1.42,23.7,19.5,+4.2,+0.22,19,3,11,5,16,17,-1,20,1.05,12.9,25.9,-13.0,-0.69
16,Juventude,19,9,6,4,19,15,+4,33,1.74,20.9,16.9,+3.9,+0.21,19,2,7,10,17,29,-12,13,0.68,16.6,25.4,-8.8,-0.46
17,Grêmio,19,8,6,5,29,21,+8,30,1.58,31.3,17.9,+13.4,+0.70,19,4,1,14,15,30,-15,13,0.68,19.3,25.3,-6.0,-0.32
18,Bahia,19,8,5,6,27,22,+5,29,1.53,27.3,20.4,+6.8,+0.36,19,3,5,11,15,29,-14,14,0.74,18.3,25.8,-7.5,-0.39
19,Sport Recife,19,5,7,7,13,13,0,22,1.16,23.3,21.8,+1.6,+0.08,19,4,4,11,11,24,-13,16,0.84,16.5,28.9,-12.4,-0.65
20,Chapecoense,19,0,6,13,13,32,-19,6,0.32,20.1,29.5,-9.4,-0.50,19,1,6,12,14,35,-21,9,0.47,19.5,35.9,-16.4,-0.86
1,Palmeiras,19,13,4,2,39,12,+27,43,2.26,40.9,13.1,+27.8,+1.47,19,10,8,1,27,15,+12,38,2.00,28.3,20.4,+8.0,+0.42
2,Internacional,19,13,5,1,40,14,+26,44,2.32,34.8,20.9,+14.0,+0.73,19,7,8,4,18,17,+1,29,1.53,21.0,24.2,-3.2,-0.17
3,Fluminense,19,12,3,4,39,20,+19,39,2.05,28.9,15.4,+13.5,+0.71,19,9,4,6,24,21,+3,31,1.63,21.2,24.9,-3.8,-0.20
4,Corinthians,19,12,4,3,24,11,+13,40,2.11,23.2,16.1,+7.0,+0.37,19,6,7,6,20,25,-5,25,1.32,17.7,24.9,-7.2,-0.38
5,Flamengo,19,11,3,5,37,15,+22,36,1.89,38.2,15.0,+23.2,+1.22,19,7,5,7,23,24,-1,26,1.37,27.2,20.8,+6.3,+0.33
6,Atl Paranaense,19,11,6,2,31,17,+14,39,2.05,27.9,21.1,+6.7,+0.35,19,5,4,10,17,31,-14,19,1.00,19.2,27.3,-8.1,-0.43
7,Atlético Mineiro,19,8,5,6,25,18,+7,29,1.53,29.7,15.5,+14.2,+0.75,19,7,8,4,20,19,+1,29,1.53,24.4,18.2,+6.2,+0.33
8,Fortaleza,19,7,8,4,24,13,+11,29,1.53,27.2,16.0,+11.1,+0.59,19,8,2,9,22,26,-4,26,1.37,17.3,26.9,-9.6,-0.51
9,São Paulo,19,8,6,5,32,21,+11,30,1.58,26.3,18.1,+8.2,+0.43,19,5,9,5,23,21,+2,24,1.26,23.4,26.2,-2.8,-0.15
10,América (MG),19,9,4,6,22,18,+4,31,1.63,23.9,19.4,+4.5,+0.24,19,6,4,9,18,22,-4,22,1.16,21.7,30.4,-8.7,-0.46
11,Botafogo (RJ),19,6,4,9,18,19,-1,22,1.16,20.6,20.6,0.0,0.00,19,9,4,6,23,24,-1,31,1.63,20.5,29.7,-9.3,-0.49
12,Santos,19,8,5,6,28,19,+9,29,1.53,30.7,23.4,+7.4,+0.39,19,4,6,9,16,22,-6,18,0.95,15.5,24.6,-9.2,-0.48
13,Goiás,19,6,8,5,20,22,-2,26,1.37,17.6,26.4,-8.8,-0.46,19,5,5,9,20,31,-11,20,1.05,17.1,35.3,-18.2,-0.96
14,Bragantino,19,8,5,6,29,23,+6,29,1.53,32.6,19.0,+13.6,+0.72,19,3,6,10,20,36,-16,15,0.79,20.0,30.6,-10.5,-0.55
15,Coritiba,19,11,4,4,25,16,+9,37,1.95,23.4,20.9,+2.5,+0.13,19,1,2,16,14,44,-30,5,0.26,18.9,32.7,-13.8,-0.72
16,Cuiabá,19,6,8,5,17,15,+2,26,1.37,26.2,20.7,+5.5,+0.29,19,4,3,12,14,27,-13,15,0.79,14.9,27.2,-12.3,-0.65
17,Ceará,19,4,8,7,20,22,-2,20,1.05,22.0,22.4,-0.4,-0.02,19,3,8,8,14,19,-5,17,0.89,21.9,25.5,-3.6,-0.19
18,Atl Goianiense,19,6,5,8,22,23,-1,23,1.21,25.7,21.1,+4.6,+0.24,19,2,7,10,17,34,-17,13,0.68,17.4,30.1,-12.8,-0.67
19,Avaí,19,7,4,8,24,26,-2,25,1.32,26.0,29.7,-3.7,-0.20,19,2,4,13,10,34,-24,10,0.53,18.0,32.9,-14.9,-0.78
20,Juventude,19,2,9,8,18,27,-9,15,0.79,22.3,21.8,+0.4,+0.02,19,1,4,14,11,42,-31,7,0.37,11.2,35.2,-24.1,-1.27