Rk,Squad,MP,W,D,L,GF,GA,GD,Pts,Pts/MP,MP,W,D,L,GF,GA,GD,Pts,Pts/MP
1,Cruzeiro,19,15,2,2,43,17,+26,47,2.47,19,9,6,4,24,21,+3,33,1.74
2,São Paulo,19,11,6,2,32,16,+16,39,2.05,19,9,4,6,27,24,+3,31,1.63
3,Internacional,19,15,0,4,37,16,+21,45,2.37,19,6,6,7,16,25,-9,24,1.26
4,Corinthians,19,12,6,1,32,15,+17,42,2.21,19,7,6,6,17,16,+1,27,1.42
5,Atlético Mineiro,19,12,5,2,28,12,+16,41,2.16,19,5,6,8,23,26,-3,21,1.11
6,Fluminense,19,11,6,2,40,19,+21,39,2.05,19,6,4,9,21,23,-2,22,1.16
7,Grêmio,19,12,4,3,24,11,+13,40,2.11,19,5,6,8,12,13,-1,21,1.11
8,Atl Paranaense,19,10,5,4,24,14,+10,35,1.84,19,5,4,10,19,28,-9,19,1.00
9,Santos,19,10,3,6,25,12,+13,33,1.74,19,5,5,9,17,23,-6,20,1.05
10,Flamengo,19,10,5,4,29,15,+14,35,1.84,19,4,5,10,17,32,-15,17,0.89
11,Sport Recife,19,10,6,3,23,16,+7,36,1.89,19,4,4,11,13,30,-17,16,0.84
12,Goiás,19,10,4,5,30,14,+16,34,1.79,19,3,4,12,8,26,-18,13,0.68
13,Figueirense,19,7,5,7,24,20,+4,26,1.37,19,6,3,10,13,27,-14,21,1.11
14,Coritiba,19,10,5,4,24,11,+13,35,1.84,19,2,6,11,18,34,-16,12,0.63
15,Chapecoense,19,8,7,4,24,11,+13,31,1.63,19,3,3,13,15,33,-18,12,0.63
16,Palmeiras,19,7,4,8,21,23,-2,25,1.32,19,4,3,12,13,36,-23,15,0.79
17,Vitória,19,6,5,8,23,22,+1,23,1.21,19,4,3,12,14,32,-18,15,0.79
18,Bahia,19,6,4,9,14,17,-3,22,1.16,19,3,6,10,17,26,-9,15,0.79
19,Botafogo (RJ),19,8,5,6,24,19,+5,29,1.53,19,1,2,16,7,29,-22,5,0.26
20,Criciúma,19,7,5,7,19,20,-1,26,1.37,19,0,6,13,9,36,-27,6,0.32
1,Corinthians,19,16,2,1,41,11,+30,50,2.63,19,8,7,4,30,20,+10,31,1.63
2,Atlético Mineiro,19,13,2,4,36,20,+16,41,2.16,19,8,4,7,29,27,+2,28,1.47
3,Grêmio,19,14,3,2,35,15,+20,45,2.37,19,6,5,8,17,17,0,23,1.21
4,São Paulo,19,12,6,1,35,16,+19,42,2.21,19,6,2,11,18,31,-13,20,1.05
5,Internacional,19,14,3,2,28,9,+19,45,2.37,19,3,6,10,11,29,-18,15,0.79
6,Sport Recife,19,13,5,1,33,9,+24,44,2.32,19,2,9,8,20,29,-9,15,0.79
7,Santos,19,15,3,1,47,15,+32,48,2.53,19,1,7,11,12,26,-14,10,0.53
8,Cruzeiro,19,10,6,3,28,11,+17,36,1.89,19,5,4,10,16,24,-8,19,1.00
9,Palmeiras,19,9,4,6,31,23,+8,31,1.63,19,6,4,9,29,28,+1,22,1.16
10,Atl Paranaense,19,9,6,4,30,20,+10,33,1.74,19,5,3,11,13,28,-15,18,0.95
11,Ponte Preta,19,9,4,6,22,15,+7,31,1.63,19,4,8,7,19,25,-6,20,1.05
12,Flamengo,19,8,3,8,28,26,+2,27,1.42,19,7,1,11,17,27,-10,22,1.16
13,Fluminense,19,10,3,6,25,19,+6,33,1.74,19,4,2,13,15,30,-15,14,0.74
14,Chapecoense,19,9,5,5,23,19,+4,32,1.68,19,3,6,10,11,25,-14,15,0.79
15,Coritiba,19,6,8,5,15,14,+1,26,1.37,19,5,3,11,16,28,-12,18,0.95
16,Figueirense,19,7,6,6,18,17,+1,27,1.42,19,4,4,11,18,33,-15,16,0.84
17,Avaí,19,8,5,6,26,26,0,29,1.53,19,3,4,12,12,34,-22,13,0.68
18,Vasco da Gama,19,5,6,8,13,23,-10,21,1.11,19,5,5,9,15,31,-16,20,1.05
19,Goiás,19,7,4,8,22,17,+5,25,1.32,19,3,4,12,17,32,-15,13,0.68
20,Joinville,19,6,7,6,19,17,+2,25,1.32,19,1,3,15,7,31,-24,6,0.32
1,Palmeiras,19,14,4,1,35,13,+22,46,2.42,19,10,4,5,27,19,+8,34,1.79
2,Santos,19,15,2,2,36,11,+25,47,2.47,19,7,3,9,23,24,-1,24,1.26
3,Flamengo,19,12,5,2,31,16,+15,41,2.16,19,8,6,5,21,19,+2,30,1.58
4,Atlético Mineiro,19,13,3,3,39,20,+19,42,2.21,18,4,8,6,22,30,-8,20,1.11
5,Botafogo (RJ),19,10,5,4,27,17,+10,35,1.84,19,7,3,9,16,22,-6,24,1.26
6,Atl Paranaense,19,15,3,1,27,6,+21,48,2.53,19,2,3,14,11,26,-15,9,0.47
7,Corinthians,19,10,7,2,27,11,+16,37,1.95,19,5,3,11,21,31,-10,18,0.95
8,Grêmio,19,11,4,4,22,11,+11,37,1.95,19,3,7,9,19,33,-14,16,0.84
9,Ponte Preta,19,13,2,4,33,18,+15,41,2.16,19,2,6,11,15,34,-19,12,0.63
10,São Paulo,19,9,5,5,29,13,+16,32,1.68,19,5,5,9,15,23,-8,20,1.05
11,Chapecoense,18,8,6,4,25,21,+4,30,1.67,19,5,7,7,24,32,-8,22,1.16
12,Cruzeiro,19,7,7,5,29,26,+3,28,1.47,19,7,2,10,19,23,-4,23,1.21
13,Fluminense,19,8,6,5,30,24,+6,30,1.58,19,5,5,9,15,21,-6,20,1.05
14,Sport Recife,19,10,5,4,33,22,+11,35,1.84,19,3,3,13,16,33,-17,12,0.63
15,Coritiba,19,9,7,3,29,17,+12,34,1.79,19,2,6,11,12,25,-13,12,0.63
16,Vitória,19,8,4,7,30,24,+6,28,1.47,19,4,5,10,21,29,-8,17,0.89
17,Internacional,19,9,5,5,21,15,+6,32,1.68,19,2,5,12,14,26,-12,11,0.58
18,Figueirense,19,7,9,3,21,16,+5,30,1.58,19,1,4,14,9,34,-25,7,0.37
19,Santa Cruz,19,7,2,10,27,27,0,23,1.21,19,1,5,13,18,42,-24,8,0.42
20,América (MG),19,7,3,9,13,20,-7,24,1.26,19,0,4,15,10,38,-28,4,0.21
1,Corinthians,19,12,5,2,32,15,+17,41,2.16,19,9,4,6,18,15,+3,31,1.63
2,Palmeiras,19,12,3,4,35,16,+19,39,2.05,19,7,3,9,26,29,-3,24,1.26
3,Santos,19,12,4,3,25,12,+13,40,2.11,19,5,8,6,17,20,-3,23,1.21
4,Grêmio,19,10,4,5,26,13,+13,34,1.79,19,8,4,7,29,23,+6,28,1.47
5,Cruzeiro,19,9,7,3,26,17,+9,34,1.79,19,6,5,8,21,22,-1,23,1.21
6,Flamengo,19,10,6,3,32,13,+19,36,1.89,19,5,5,9,17,25,-8,20,1.05
7,Vasco da Gama,19,8,7,4,21,21,0,31,1.63,19,7,4,8,19,26,-7,25,1.32
8,Chapecoense,19,9,3,7,24,21,+3,30,1.58,19,6,6,7,23,28,-5,24,1.26
9,Atlético Mineiro,19,7,4,8,27,27,0,25,1.32,19,7,8,4,25,22,+3,29,1.53
10,Botafogo (RJ),19,9,3,7,30,25,+5,30,1.58,19,5,8,6,15,17,-2,23,1.21
11,Atl Paranaense,19,8,5,6,29,20,+9,29,1.53,19,6,4,9,16,23,-7,22,1.16
12,Bahia,19,10,4,5,34,21,+13,34,1.79,19,3,7,9,16,27,-11,16,0.84
13,São Paulo,19,9,8,2,29,18,+11,35,1.84,19,4,3,12,19,31,-12,15,0.79
14,Fluminense,19,7,6,6,27,24,+3,27,1.42,19,4,8,7,23,29,-6,20,1.05
15,Sport Recife,19,7,7,5,27,21,+6,28,1.47,19,5,2,12,19,37,-18,17,0.89
16,Vitória,19,3,5,11,22,31,-9,14,0.74,19,8,5,6,28,27,+1,29,1.53
17,Coritiba,19,7,5,7,21,18,+3,26,1.37,19,4,5,10,21,33,-12,17,0.89
18,Avaí,19,5,9,5,15,20,-5,24,1.26,19,5,4,10,14,28,-14,19,1.00
19,Ponte Preta,19,9,3,7,26,21,+5,30,1.58,19,1,6,12,11,31,-20,9,0.47
20,Atl Goianiense,19,4,5,10,18,23,-5,17,0.89,19,5,4,10,20,33,-13,19,1.00
1,Palmeiras,19,16,2,1,42,13,+29,50,2.63,19,7,9,3,22,13,+9,30,1.58
2,Flamengo,19,14,2,3,30,8,+22,44,2.32,19,7,7,5,29,21,+8,28,1.47
3,Internacional,19,14,4,1,32,10,+22,46,2.42,19,5,8,6,19,19,0,23,1.21
4,Grêmio,19,12,5,2,36,14,+22,41,2.16,19,6,7,6,12,13,-1,25,1.32
5,São Paulo,19,10,8,1,25,13,+12,38,2.00,19,6,7,6,21,21,0,25,1.32
6,Atlético Mineiro,19,12,4,3,31,15,+16,40,2.11,19,5,4,10,25,28,-3,19,1.00
7,Atl Paranaense,19,14,2,3,44,14,+30,44,2.32,19,2,7,10,10,23,-13,13,0.68
8,Cruzeiro,19,11,4,4,25,14,+11,37,1.95,19,3,7,9,9,20,-11,16,0.84
9,Botafogo (RJ),19,10,7,2,22,14,+8,37,1.95,19,3,5,11,16,32,-16,14,0.74
10,Santos,19,9,6,4,28,14,+14,33,1.74,19,4,5,10,18,26,-8,17,0.89
11,Bahia,19,10,7,2,27,13,+14,37,1.95,19,2,5,12,12,28,-16,11,0.58
12,Fluminense,19,9,5,5,17,11,+6,32,1.68,19,3,4,12,15,35,-20,13,0.68
13,Corinthians,19,9,8,2,19,12,+7,35,1.84,19,2,3,14,15,23,-8,9,0.47
14,Chapecoense,19,10,5,4,24,16,+8,35,1.84,19,1,6,12,10,34,-24,9,0.47
15,Ceará,19,7,8,4,18,16,+2,29,1.53,19,3,6,10,14,22,-8,15,0.79
16,Vasco da Gama,19,9,5,5,29,24,+5,32,1.68,19,1,8,10,12,24,-12,11,0.58
17,Sport Recife,19,8,6,5,19,17,+2,30,1.58,19,3,3,13,16,40,-24,12,0.63
18,América (MG),19,8,7,4,22,17,+5,31,1.63,19,2,3,14,8,30,-22,9,0.47
19,Vitória,19,7,5,7,22,24,-2,26,1.37,19,2,5,12,14,39,-25,11,0.58
20,Paraná,19,3,10,6,13,23,-10,19,1.00,19,1,1,17,5,34,-29,4,0.21